{
  "advancedEditorSelectedIdentifier" : "ProjectBrowser",
  "openSceneRelativePaths" : [
    "Immersive.usda"
  ],
  "recentIdentifiers" : {

  },
  "sceneCameraHistory" : {
    "AF09ED6F-1707-48FD-8720-65B998362C09" : [
      {
        "date" : 729926624.937278,
        "title" : "Untitled",
        "transform" : [
          0.93445665,
          -7.0023134e-09,
          0.35607746,
          0,
          0.16466968,
          0.886643,
          -0.43214372,
          0,
          -0.3157136,
          0.4624546,
          0.8285293,
          0,
          -18.603588,
          12.830932,
          17.192926,
          1
        ]
      },
      {
        "date" : 729926619.466499,
        "title" : "Untitled",
        "transform" : [
          0.8888438,
          -7.1159256e-09,
          0.45821053,
          0,
          0.4579314,
          0.03489946,
          -0.8883022,
          0,
          -0.015991382,
          0.99939084,
          0.031020215,
          0,
          -10.779096,
          23.43236,
          -2.8226602,
          1
        ]
      },
      {
        "date" : 729926517.771678,
        "title" : "Untitled",
        "transform" : [
          0.99845016,
          4.7436783e-09,
          -0.055652697,
          0,
          -0.046756804,
          0.5423492,
          -0.83885103,
          0,
          0.030183174,
          0.8401531,
          0.54150873,
          0,
          -7.820175,
          17.556084,
          10.132088,
          1
        ]
      },
      {
        "date" : 729926503.820993,
        "title" : "Untitled",
        "transform" : [
          0.9069893,
          4.4513273e-09,
          0.42115384,
          0,
          0.15234344,
          0.93228334,
          -0.32808408,
          0,
          -0.3926347,
          0.3617288,
          0.845571,
          0,
          -19.39433,
          1.5118623,
          1.4637868,
          1
        ]
      },
      {
        "date" : 729926498.777943,
        "title" : "Untitled",
        "transform" : [
          0.9069893,
          4.4513273e-09,
          0.42115384,
          0,
          0.15234344,
          0.93228334,
          -0.32808408,
          0,
          -0.3926347,
          0.3617288,
          0.845571,
          0,
          -27.38736,
          13.876945,
          21.396755,
          1
        ]
      },
      {
        "date" : 729926484.800964,
        "title" : "Untitled",
        "transform" : [
          0.9069893,
          4.4513273e-09,
          0.42115384,
          0,
          0.15234344,
          0.93228334,
          -0.32808408,
          0,
          -0.3926347,
          0.3617288,
          0.845571,
          0,
          -14.815477,
          2.294596,
          -5.6780066,
          1
        ]
      },
      {
        "date" : 729926467.307475,
        "title" : "Untitled",
        "transform" : [
          -0.9562607,
          8.1353955e-09,
          -0.29251593,
          0,
          -0.24478725,
          0.5474568,
          0.80023134,
          0,
          0.16013987,
          0.836834,
          -0.52351135,
          0,
          -8.902025,
          8.507807,
          -10.311052,
          1
        ]
      },
      {
        "date" : 729926462.905015,
        "title" : "Untitled",
        "transform" : [
          -0.0069472636,
          2.548825e-10,
          -0.99997586,
          0,
          -0.16177942,
          0.9868263,
          0.0011239606,
          0,
          0.98680246,
          0.16178332,
          -0.006855722,
          0,
          3.7947202,
          2.384513,
          -3.1750245,
          1
        ]
      },
      {
        "date" : 729926460.072789,
        "title" : "Untitled",
        "transform" : [
          -0.007967202,
          3.733594e-10,
          -0.9999684,
          0,
          -0.9328244,
          0.360255,
          0.007432244,
          0,
          0.36024353,
          0.932854,
          -0.002870203,
          0,
          -2.3409295,
          13.41117,
          -3.1886833,
          1
        ]
      },
      {
        "date" : 729926438.939043,
        "title" : "Untitled",
        "transform" : [
          0.9505853,
          5.594245e-10,
          0.31046367,
          0,
          0.14117476,
          0.8906332,
          -0.43225244,
          0,
          -0.27650923,
          0.45472243,
          0.8466227,
          0,
          -7.003314,
          2.0759866,
          -0.8876524,
          1
        ]
      }
    ]
  }
}