{
  "advancedEditorSelectedIdentifier" : "ProjectBrowser",
  "openSceneRelativePaths" : [
    "Immersive.usda",
    "Scene1.usda",
    "Scene2.usda",
    "Scene3.usda"
  ],
  "recentIdentifiers" : {
    "6C1A7A79-B29A-4A58-9CB9-3B89F085FA2D" : [

    ],
    "6CBA5BEE-0988-4D8F-BCFB-64AA2ED521E1" : [

    ],
    "835B56D6-42A1-4AD2-A0B5-849754EA374C" : [

    ],
    "AF09ED6F-1707-48FD-8720-65B998362C09" : [

    ]
  },
  "sceneCameraHistory" : {
    "6C1A7A79-B29A-4A58-9CB9-3B89F085FA2D" : [
      {
        "date" : 729949560.784627,
        "title" : "Untitled",
        "transform" : [
          0.9832078,
          -5.2158535e-09,
          -0.18248919,
          0,
          0.009924404,
          0.9985201,
          0.05347066,
          0,
          0.18221942,
          -0.05438386,
          0.9817528,
          0,
          0.3354271,
          0.29349226,
          0.89915127,
          1
        ]
      },
      {
        "date" : 729949271.501706,
        "title" : "Untitled",
        "transform" : [
          0.99403036,
          -4.4274144e-09,
          0.10910334,
          0,
          -0.000888093,
          0.99996686,
          0.008090726,
          0,
          -0.10909943,
          -0.008139308,
          0.99399745,
          0,
          0.06317996,
          0.33690116,
          0.9432009,
          1
        ]
      },
      {
        "date" : 729949128.234948,
        "title" : "Untitled",
        "transform" : [
          0.9700494,
          -4.3666084e-09,
          -0.24290772,
          0,
          0.0045652767,
          0.9998234,
          0.018231656,
          0,
          0.24286509,
          -0.018794533,
          0.96987796,
          0,
          0.38767397,
          0.3269647,
          0.8659821,
          1
        ]
      },
      {
        "date" : 729948219.821496,
        "title" : "Untitled",
        "transform" : [
          0.95750785,
          -4.8575557e-09,
          -0.28840718,
          0,
          0.04242325,
          0.98912233,
          0.14084484,
          0,
          0.28527024,
          -0.14709517,
          0.9470923,
          0,
          0.43798438,
          0.20422786,
          0.87953544,
          1
        ]
      },
      {
        "date" : 729948175.398214,
        "title" : "Untitled",
        "transform" : [
          0.95750785,
          -4.8575557e-09,
          -0.28840718,
          0,
          0.04242325,
          0.98912233,
          0.14084484,
          0,
          0.28527024,
          -0.14709517,
          0.9470923,
          0,
          0.26470357,
          -0.13649015,
          0.87881094,
          1
        ]
      },
      {
        "date" : 729948171.172767,
        "title" : "Untitled",
        "transform" : [
          0.9118842,
          -6.490844e-09,
          -0.4104476,
          0,
          0.12684816,
          0.9510462,
          0.28181645,
          0,
          0.3903549,
          -0.30904847,
          0.8672439,
          0,
          0.3622121,
          -0.2867673,
          0.80471927,
          1
        ]
      },
      {
        "date" : 729948160.369642,
        "title" : "Untitled",
        "transform" : [
          0.9525097,
          3.369784e-09,
          -0.3045084,
          0,
          -0.06941395,
          0.97367185,
          -0.21712835,
          0,
          0.2964914,
          0.22795399,
          0.9274318,
          0,
          0.27511582,
          0.2115196,
          0.86056787,
          1
        ]
      },
      {
        "date" : 729948146.820114,
        "title" : "Untitled",
        "transform" : [
          0.9510936,
          2.417095e-09,
          -0.30890307,
          0,
          -0.14394692,
          0.884788,
          -0.4432036,
          0,
          0.27331382,
          0.46599373,
          0.84151614,
          0,
          0.25360927,
          0.4323977,
          0.7808463,
          1
        ]
      },
      {
        "date" : 729948059.06417,
        "title" : "Untitled",
        "transform" : [
          0.99844503,
          2.3499283e-09,
          0.055744983,
          0,
          0.03625919,
          0.75955087,
          -0.6494364,
          0,
          -0.042341087,
          0.65044785,
          0.75836986,
          0,
          -0.039288267,
          0.6035535,
          0.7036946,
          1
        ]
      },
      {
        "date" : 729948049.2901,
        "title" : "Untitled",
        "transform" : [
          0.97651666,
          -6.0474376e-11,
          -0.21544166,
          0,
          -0.10305564,
          0.87817144,
          -0.46711275,
          0,
          0.18919474,
          0.47834587,
          0.85754913,
          0,
          0.08365688,
          0.21151179,
          0.37918538,
          1
        ]
      }
    ],
    "6CBA5BEE-0988-4D8F-BCFB-64AA2ED521E1" : [
      {
        "date" : 729949276.980218,
        "title" : "Untitled",
        "transform" : [
          0.99238455,
          1.2699616e-08,
          0.12317874,
          0,
          0.008519756,
          0.9976052,
          -0.068638705,
          0,
          -0.12288394,
          0.06916546,
          0.99000794,
          0,
          0.5036656,
          2.0822508,
          2.8962693,
          1
        ]
      },
      {
        "date" : 729949241.782094,
        "title" : "Untitled",
        "transform" : [
          0.9964889,
          1.1965469e-08,
          0.083725594,
          0,
          0.0026283965,
          0.9995071,
          -0.031282213,
          0,
          -0.08368452,
          0.03139247,
          0.9959978,
          0,
          0.61170644,
          1.9744219,
          2.950474,
          1
        ]
      },
      {
        "date" : 729949226.657173,
        "title" : "Untitled",
        "transform" : [
          0.97999156,
          1.19347074e-08,
          -0.19903944,
          0,
          -0.008197808,
          0.99915147,
          -0.040362995,
          0,
          0.19887036,
          0.04118711,
          0.97916,
          0,
          1.4105754,
          2.0026412,
          2.6415014,
          1
        ]
      },
      {
        "date" : 729949162.665468,
        "title" : "Untitled",
        "transform" : [
          0.99024874,
          1.2099304e-08,
          -0.13931109,
          0,
          -0.009551079,
          0.99764705,
          -0.06789113,
          0,
          0.13898313,
          0.068559706,
          0.9879188,
          0,
          1.2401787,
          2.080543,
          2.6666684,
          1
        ]
      },
      {
        "date" : 729949141.818719,
        "title" : "Untitled",
        "transform" : [
          0.9653239,
          1.0759927e-08,
          -0.2610547,
          0,
          -0.050337654,
          0.9812334,
          -0.18613794,
          0,
          0.25615543,
          0.19282433,
          0.94720817,
          0,
          1.4876318,
          2.416153,
          2.2196798,
          1
        ]
      },
      {
        "date" : 729948717.364255,
        "title" : "Untitled",
        "transform" : [
          0.96320254,
          1.0680113e-08,
          -0.2687764,
          0,
          -0.053530008,
          0.97996664,
          -0.19183338,
          0,
          0.26339173,
          0.19916204,
          0.9439064,
          0,
          1.5783049,
          2.4955664,
          2.178308,
          1
        ]
      },
      {
        "date" : 729948707.182767,
        "title" : "Untitled",
        "transform" : [
          0.9931507,
          7.345411e-09,
          -0.11684022,
          0,
          -0.037996043,
          0.9456462,
          -0.32296962,
          0,
          0.11048937,
          0.32519698,
          0.9391693,
          0,
          -0.3514029,
          2.3110988,
          1.6584623,
          1
        ]
      },
      {
        "date" : 729948701.079469,
        "title" : "Untitled",
        "transform" : [
          0.15795062,
          8.337148e-09,
          -0.987447,
          0,
          -0.9868455,
          0.03489951,
          -0.15785445,
          0,
          0.03446139,
          0.99939084,
          0.005512561,
          0,
          -0.2977724,
          4.780059,
          -1.4145454,
          1
        ]
      },
      {
        "date" : 729948697.082256,
        "title" : "Untitled",
        "transform" : [
          0.75808555,
          1.4512693e-08,
          -0.652155,
          0,
          -0.45141336,
          0.721718,
          -0.52473724,
          0,
          0.47067195,
          0.6921872,
          0.5471242,
          0,
          1.2027901,
          3.7594192,
          0.41355062,
          1
        ]
      },
      {
        "date" : 729948594.474276,
        "title" : "Untitled",
        "transform" : [
          0.828018,
          -2.9836575e-10,
          -0.56070143,
          0,
          -0.11135497,
          0.9800808,
          -0.16444395,
          0,
          0.54953265,
          0.19859934,
          0.8115246,
          0,
          1.6014445,
          1.7950459,
          1.5767115,
          1
        ]
      }
    ],
    "835B56D6-42A1-4AD2-A0B5-849754EA374C" : [
      {
        "date" : 729950291.112172,
        "title" : "Untitled",
        "transform" : [
          0.8901306,
          -1.6342852e-08,
          -0.45570546,
          0,
          0.008620241,
          0.999821,
          0.016838025,
          0,
          0.45562372,
          -0.018916221,
          0.8899715,
          0,
          3.856615,
          1.8954248,
          0.0005722046,
          1
        ]
      },
      {
        "date" : 729950289.795379,
        "title" : "Untitled",
        "transform" : [
          0.8901306,
          -1.6342852e-08,
          -0.45570546,
          0,
          0.008620241,
          0.999821,
          0.016838025,
          0,
          0.45562372,
          -0.018916221,
          0.8899715,
          0,
          3.838479,
          1.855505,
          0.009008408,
          1
        ]
      },
      {
        "date" : 729950265.429902,
        "title" : "Untitled",
        "transform" : [
          0.8901306,
          -1.6342852e-08,
          -0.45570546,
          0,
          0.008620241,
          0.999821,
          0.016838025,
          0,
          0.45562372,
          -0.018916221,
          0.8899715,
          0,
          2.032306,
          2.844776,
          3.0482407,
          1
        ]
      },
      {
        "date" : 729950018.154769,
        "title" : "Untitled",
        "transform" : [
          0.8901307,
          -1.6342854e-08,
          -0.45570552,
          0,
          0.008620241,
          0.999821,
          0.016838025,
          0,
          0.45562366,
          -0.01891622,
          0.8899714,
          0,
          2.3589566,
          0.53318673,
          2.8318777,
          1
        ]
      },
      {
        "date" : 729949993.070136,
        "title" : "Untitled",
        "transform" : [
          0.91107064,
          -1.4493981e-08,
          -0.41225007,
          0,
          -0.010763057,
          0.9996591,
          -0.023786202,
          0,
          0.41210932,
          0.026108094,
          0.9107602,
          0,
          1.8475224,
          1.00092,
          2.9246001,
          1
        ]
      },
      {
        "date" : 729949991.055483,
        "title" : "Untitled",
        "transform" : [
          -0.14398834,
          -1.4846856e-08,
          -0.9895793,
          0,
          0.014116332,
          0.99989814,
          -0.0020539493,
          0,
          0.9894787,
          -0.014264865,
          -0.14397344,
          0,
          3.3589118,
          0.86180586,
          -0.9713229,
          1
        ]
      },
      {
        "date" : 729949988.039322,
        "title" : "Untitled",
        "transform" : [
          0.9713574,
          -1.5176136e-08,
          -0.23762304,
          0,
          -0.046623476,
          0.9805623,
          -0.19058765,
          0,
          0.23300397,
          0.19620767,
          0.9524766,
          0,
          1.2255247,
          1.570555,
          2.9999852,
          1
        ]
      },
      {
        "date" : 729949861.193142,
        "title" : "Untitled",
        "transform" : [
          0.9713574,
          -1.5176136e-08,
          -0.23762304,
          0,
          -0.046623476,
          0.9805623,
          -0.19058765,
          0,
          0.23300397,
          0.19620767,
          0.9524766,
          0,
          2.3255773,
          2.3854907,
          9.116344,
          1
        ]
      },
      {
        "date" : 729949781.828861,
        "title" : "Untitled",
        "transform" : [
          0.9756726,
          -1.0361442e-08,
          -0.21923263,
          0,
          -0.16488639,
          0.6590412,
          -0.73381,
          0,
          0.14448304,
          0.7521069,
          0.6430085,
          0,
          1.114714,
          10.408713,
          4.9342957,
          1
        ]
      },
      {
        "date" : 729949772.679334,
        "title" : "Untitled",
        "transform" : [
          0.9756726,
          -1.0361442e-08,
          -0.21923263,
          0,
          -0.1648864,
          0.6590413,
          -0.73381007,
          0,
          0.14448304,
          0.7521069,
          0.6430085,
          0,
          1.145655,
          12.52789,
          2.448609,
          1
        ]
      }
    ],
    "AF09ED6F-1707-48FD-8720-65B998362C09" : [
      {
        "date" : 729947954.950872,
        "title" : "Untitled",
        "transform" : [
          0.78284705,
          -7.2477366e-09,
          -0.62221414,
          0,
          -0.1472684,
          0.9715866,
          -0.18528798,
          0,
          0.60453457,
          0.23668467,
          0.7606039,
          0,
          1.1571785,
          0.9628266,
          1.2560884,
          1
        ]
      },
      {
        "date" : 729947943.768373,
        "title" : "Untitled",
        "transform" : [
          0.78284705,
          -7.2477366e-09,
          -0.62221414,
          0,
          -0.1472684,
          0.9715866,
          -0.18528798,
          0,
          0.60453457,
          0.23668467,
          0.7606039,
          0,
          1.0903263,
          0.9366529,
          1.1719772,
          1
        ]
      },
      {
        "date" : 729947874.11552,
        "title" : "Untitled",
        "transform" : [
          0.78284705,
          -7.2477366e-09,
          -0.62221414,
          0,
          -0.1472684,
          0.9715866,
          -0.18528798,
          0,
          0.60453457,
          0.23668467,
          0.7606039,
          0,
          1.2237906,
          1.2974075,
          1.4950967,
          1
        ]
      },
      {
        "date" : 729946553.472933,
        "title" : "Untitled",
        "transform" : [
          0.7815637,
          -7.2477366e-09,
          -0.62382543,
          0,
          -0.14764977,
          0.9715866,
          -0.18498424,
          0,
          0.6061001,
          0.23668467,
          0.75935704,
          0,
          1.4108658,
          1.3671098,
          1.7118841,
          1
        ]
      },
      {
        "date" : 729946551.407381,
        "title" : "Untitled",
        "transform" : [
          0.7815637,
          -7.2477366e-09,
          -0.62382543,
          0,
          -0.14764977,
          0.9715866,
          -0.18498424,
          0,
          0.6061001,
          0.23668467,
          0.75935704,
          0,
          1.247754,
          1.7400143,
          1.7258447,
          1
        ]
      },
      {
        "date" : 729946541.607516,
        "title" : "Untitled",
        "transform" : [
          0.7815637,
          -7.2477366e-09,
          -0.62382543,
          0,
          -0.14764977,
          0.9715866,
          -0.18498424,
          0,
          0.6061001,
          0.23668467,
          0.75935704,
          0,
          1.1030674,
          1.0059023,
          1.4912529,
          1
        ]
      },
      {
        "date" : 729946527.674192,
        "title" : "Untitled",
        "transform" : [
          0.7815637,
          -7.2477366e-09,
          -0.62382543,
          0,
          -0.14764977,
          0.9715866,
          -0.18498424,
          0,
          0.6061001,
          0.23668467,
          0.75935704,
          0,
          1.2259983,
          0.88155127,
          1.4318916,
          1
        ]
      },
      {
        "date" : 729945541.873088,
        "title" : "Untitled",
        "transform" : [
          0.75545496,
          -1.2637901e-08,
          -0.6552006,
          0,
          -0.35036954,
          0.84500927,
          -0.40398094,
          0,
          0.55365026,
          0.5347517,
          0.6383667,
          0,
          1.0341169,
          1.4373496,
          1.0932275,
          1
        ]
      },
      {
        "date" : 729945401.868536,
        "title" : "Untitled",
        "transform" : [
          0.9998677,
          -1.8151888e-09,
          -0.016270263,
          0,
          -0.003338077,
          0.9787261,
          -0.20514406,
          0,
          0.015923718,
          0.20517117,
          0.97859657,
          0,
          0.09603618,
          0.8202254,
          1.9101113,
          1
        ]
      },
      {
        "date" : 729943870.859275,
        "title" : "Untitled",
        "transform" : [
          0.99986756,
          -1.8151886e-09,
          -0.016270261,
          0,
          -0.003338077,
          0.9787261,
          -0.20514406,
          0,
          0.015923718,
          0.20517117,
          0.97859657,
          0,
          0.15588665,
          1.331396,
          3.100507,
          1
        ]
      }
    ]
  },
  "selectedSceneRelativePath" : "Scene1.usda"
}